Time Stamp(ms),Intersection,,Angle,
,x,y,x,y
645111.4,339.6562,247.0533,59.50911,51.00837
645129.6,339.6298,247.1242,59.50717,51.01642
645146.3,339.5075,247.0794,59.49815,51.01134
645160.9,339.3376,247.2723,59.4856,51.03321
645178.8,339.2037,247.5938,59.47571,51.0696
645194.3,339.0373,247.9484,59.46341,51.10968
645211.1,338.7169,248.137,59.43969,51.13097
645227.8,338.1386,248.3801,59.39681,51.15838
645248.7,337.5861,248.6683,59.35574,51.19082
645262.9,337.0055,248.9387,59.31247,51.22123
645278.6,336.6195,248.996,59.28365,51.22768
645294.3,336.0005,249.0076,59.23732,51.22897
645313.2,335.4023,249.0903,59.19243,51.23827
645328.5,334.6656,249.2287,59.13698,51.2538
645344.8,334.1526,249.3509,59.09826,51.26751
645362.6,333.8402,249.2406,59.07464,51.25513
645378.5,333.7478,249.0413,59.06765,51.23276
645396.3,333.7521,248.8784,59.06797,51.21446
645412.4,333.6761,248.7235,59.06221,51.19704
645428.6,333.8004,248.4571,59.07162,51.16705
645444.4,333.9366,248.5417,59.08193,51.17658
645463.7,333.9851,248.6653,59.0856,51.19049
645478.4,334.0224,248.8579,59.08842,51.21215
645494.5,334.4386,248.7338,59.11985,51.19819
645512.8,334.8972,248.5982,59.15443,51.18294
645531.8,335.2932,248.6836,59.18422,51.19255
645547.4,335.6337,249.2668,59.2098,51.25808
645563.6,335.8103,249.8152,59.22306,51.31952
645578.9,335.8974,250.4893,59.22959,51.39483
645595.9,336.1393,250.8718,59.24772,51.43745
645611.6,336.513,251.2226,59.27568,51.47646
645639.8,336.8151,252.0849,59.29826,51.5721
645653.9,336.9804,252.7473,59.3106,51.64528
645664.1,337.005,253.7686,59.31244,51.75767
645678.6,336.8699,254.3932,59.30235,51.82611
645693.7,337.0669,254.2923,59.31705,51.81508
645712.3,337.7706,254.0703,59.36947,51.79075
645728.6,338.4428,254.3784,59.41939,51.8245
645745,338.768,254.7855,59.44348,51.86901
645761.3,339.384,255.0916,59.48903,51.90242
645779.6,339.9831,255.2749,59.53321,51.92239
645797.1,340.3622,255.4014,59.5611,51.93618
645814.3,340.629,255.2523,59.58072,51.91993
645831.2,341.2021,254.8346,59.62275,51.87437
645847.6,341.9295,254.5142,59.67596,51.83936
645865.3,342.8765,254.7358,59.74497,51.86358
645881.8,343.0663,254.9276,59.75877,51.88453
645897.7,343.4052,254.9861,59.78338,51.89091
645913.6,343.8951,255.4479,59.81889,51.94124
645930.4,344.09,255.9612,59.83299,51.99706
645947.4,344.354,256.4878,59.85208,52.05416
645964.1,344.6158,256.9028,59.87099,52.09908
645980.4,344.7974,257.1056,59.88409,52.12099
645998,345.0553,257.1754,59.90268,52.12852
646014.6,345.369,257.2087,59.92526,52.13213
646031.7,345.77,257.4042,59.95409,52.15322
646046.9,346.1909,257.5691,59.98429,52.17099
646064.2,346.6697,257.6689,60.01858,52.18174
646081.3,347.1111,257.6331,60.05013,52.17789
646097.5,347.4865,257.4305,60.07691,52.15605
646124,348.0718,256.7278,60.11858,52.08015
646138.1,348.4864,256.2378,60.14803,52.02708
646146.8,349.0921,255.6529,60.19097,51.96354
646167.4,349.8487,255.0179,60.24445,51.89437
646183.6,350.5869,254.5532,60.29645,51.84362
646198.5,351.4963,254.1076,60.36029,51.79484
646213.9,352.2088,253.6333,60.41014,51.74281
646231.3,352.6866,252.9319,60.44349,51.66563
646248.2,353.4173,251.6176,60.49434,51.52032
646264.8,354.2072,250.3457,60.54914,51.37881
646287,354.4404,249.7126,60.56528,51.30804
646299.3,354.788,249.1626,60.58931,51.24638
646314.1,355.2332,248.5555,60.62003,51.17813
646333.3,355.5368,247.5698,60.64096,51.06689
646349.3,356.0956,246.5014,60.67939,50.94569
646364.3,356.879,245.2365,60.73312,50.8014
646380.3,357.5926,243.989,60.78191,50.65821
646397,358.2588,242.5571,60.82731,50.49278
646412.9,359.0296,240.9869,60.8797,50.31002
646429.7,360.0383,239.1194,60.94798,50.09082
646448.3,360.6944,237.8045,60.99224,49.93525
646464.1,361.1027,236.0701,61.01973,49.72853
646479.9,361.9259,234.0776,61.07499,49.48884
646500.6,362.5536,232.1268,61.117,49.25188
646515.2,363.2108,230.4465,61.16087,49.04593
646529.9,363.7993,228.5238,61.20004,48.80816
646549.8,364.4629,226.4139,61.2441,48.54462
646565.4,365.4669,223.741,61.31053,48.20677
646582,366.1129,221.7102,61.35312,47.94706
646598.4,366.6968,220.0032,61.39152,47.72672
646614.6,367.0559,218.1414,61.41509,47.48426
646632.6,367.5259,215.9991,61.44588,47.20248
646650,368.0346,214.2871,61.47914,46.97512
646665.7,368.5036,212.4852,61.50974,46.73372
646683,368.8853,211.1277,61.53461,46.5504
646698.8,369.1042,209.621,61.54884,46.34549
646714.9,369.2993,208.2442,61.56152,46.15689
646731.4,369.6222,207.1721,61.58249,46.00914
646749,369.9996,206.4604,61.60696,45.9106
646765.1,370.3484,206.0411,61.62954,45.85239
646781.2,370.5921,205.6477,61.64529,45.79766
646798.1,370.4366,204.9136,61.63523,45.69524
646813.9,370.6994,203.7799,61.65222,45.53635
646831.3,371.2204,202.6599,61.68583,45.37849
646849.1,371.6458,202.0787,61.71323,45.29621
646864.9,371.9885,201.7205,61.73526,45.24539
646880.8,372.0822,201.2711,61.74128,45.1815
646898,372.1758,200.9697,61.74729,45.13856
646914.3,372.3429,200.9422,61.75801,45.13465
646931.3,372.3719,200.8077,61.75987,45.11546
646948.8,372.3745,200.8459,61.76004,45.12091
646966.9,372.7822,200.804,61.78616,45.11494
646984.8,373.3852,200.8588,61.82472,45.12275
646999.4,374.1321,200.8317,61.87236,45.11889
647014.8,374.9199,200.7164,61.92243,45.10243
647032.6,375.6685,200.4918,61.96986,45.07035
647052.9,376.6331,200.2952,62.03077,45.04226
647065.9,377.5702,200.0572,62.0897,45.0082
647081.3,378.4338,199.7246,62.14381,44.96053
647098.1,379.4868,199.614,62.20953,44.94465
647114.2,380.186,199.5929,62.25301,44.94162
647131.8,380.4312,198.7754,62.26823,44.82405
647148.7,381.5471,197.4147,62.3373,44.62728
647166.2,382.6715,197.5253,62.40657,44.64333
647182.9,383.1702,198.108,62.43718,44.72771
647199.9,383.9861,198.2196,62.48715,44.74384
647215.1,385.2904,197.8599,62.56667,44.6918
647231.3,386.4289,197.5237,62.63574,44.6431
647249.6,387.5858,197.2934,62.7056,44.60967
647265.9,389.0968,197.4697,62.79634,44.63525
647283.5,390.4037,197.8676,62.87438,44.69292
647299.9,391.7829,198.2761,62.95629,44.752
647315.5,392.9968,197.7116,63.028,44.67033
647333.3,394.3895,196.6787,63.10984,44.52029
647354.7,395.9103,195.7656,63.19869,44.387
647366.2,396.948,195.5608,63.25901,44.35702
647383.4,398.3429,195.6371,63.33969,44.36819
647399.8,399.705,195.6865,63.41803,44.37543
647417.9,400.3405,195.6075,63.45444,44.36387
647432.4,401.0976,195.3086,63.4977,44.32006
647449.4,401.8374,194.9899,63.53984,44.27329
647468.8,402.4881,194.7565,63.5768,44.23899
647483.7,403.4196,194.8224,63.62955,44.24868
647501.8,404.1118,195.0385,63.66862,44.28043
647518.6,404.6237,195.3219,63.69744,44.32201
647534.3,405.2808,195.6013,63.73435,44.36296
647552.6,405.9438,195.6617,63.7715,44.3718
647568,406.6811,195.7764,63.81269,44.38858
647585.6,407.5321,195.8946,63.8601,44.40586
647602.9,408.3576,196.1536,63.90592,44.44371
647619.1,409.1519,196.3696,63.94987,44.47523
647634.5,409.8159,196.2514,63.98652,44.458
647650.4,411.1172,196.3159,64.05804,44.46741
647672.9,411.6342,197.0738,64.08636,44.57778
647691.9,412.3498,197.7235,64.12545,44.67206
647705.5,413.0016,198.1619,64.16097,44.73549
647718.9,413.9576,198.6632,64.2129,44.80788
647734.9,415.3112,199.8042,64.28609,44.97194
647754,416.3246,201.5841,64.34063,45.22601
647770.5,416.7949,203.4447,64.36587,45.48919
647787.8,417.2198,204.7184,64.38863,45.66795
647804.8,417.3932,205.3878,64.39791,45.76145
647820.3,417.8133,206.508,64.42036,45.9172
647835.3,417.8011,208.0093,64.41972,46.12458
647851.8,417.3157,209.9473,64.39377,46.39
647868.6,416.3503,212.7132,64.34201,46.76438
647889.1,414.998,215.0262,64.26918,47.07351
647906.3,412.9997,216.8039,64.16087,47.30869
647918.6,410.4682,218.4221,64.02242,47.52096
647934.6,407.7834,220.2537,63.87406,47.75917
647956.1,405.4711,222.6726,63.74503,48.07046
647972.5,403.3137,225.1134,63.62356,48.38079
647987.2,401.4602,228.0187,63.51837,48.74531
648002.8,398.837,231.4286,63.36816,49.16651
648018.7,396.165,234.6457,63.21352,49.55742
648035.3,393.4047,236.5732,63.05202,49.78867
648052.7,391.4031,238.452,62.93378,50.01199
648069,389.5469,240.258,62.82327,50.2247
648085.9,387.6371,242.046,62.70869,50.43345
648104.3,385.6661,243.4433,62.5895,50.59531
648120.5,383.8386,244.1512,62.47813,50.67688
648135.8,382.1941,244.4715,62.37719,50.7137
648151.4,380.4998,245.2033,62.27248,50.7976
648169.1,379.1359,246.0908,62.18766,50.89896
648185.6,378.4424,247.1927,62.14435,51.02418
648202.9,377.5716,248.1301,62.08979,51.13018
648218.8,376.9528,248.6836,62.0509,51.19255
648237.9,376.4043,249.2689,62.01634,51.25831
648252.4,375.8086,249.9926,61.97873,51.33936
648267.9,374.9984,250.8527,61.92741,51.43532
648284.6,373.6197,251.9118,61.83969,51.55293
648304.9,372.2072,253.1346,61.7493,51.68796
648322.9,370.9142,254.039,61.66609,51.78733
648335,369.4447,254.799,61.57096,51.87048
648351.6,367.543,255.7307,61.447,51.97201
648371.2,365.6616,256.5824,61.32338,52.06441
648384.5,363.7957,257.4287,61.1998,52.15586
648401.4,362.4887,258.0191,61.11266,52.21943
648417.6,361.5075,258.5742,61.04693,52.27904
648433.4,360.3516,259.4332,60.96914,52.37096
648451.3,359.2082,260.2292,60.89181,52.4558
648467.3,358.2819,260.8767,60.82889,52.52458
648483.9,357.4248,261.2533,60.77044,52.56448
648500.8,356.5585,261.5109,60.71116,52.59172
648517.5,355.5867,261.762,60.64439,52.61826
648533.2,353.5858,262.2461,60.50604,52.66932
648553.6,352.1256,262.7095,60.40433,52.71808
648567.9,350.4288,262.9871,60.28533,52.74724
648584.6,349.0779,263.2979,60.18996,52.77984
648601.6,347.9312,263.6227,60.10858,52.81386
648617.7,346.6928,264.3085,60.02023,52.88552
648636.5,345.0865,264.8246,59.90493,52.93929
648651.4,343.9466,264.9963,59.82262,52.95714
648667.9,343.1926,264.6445,59.76794,52.92053
648684.6,342.769,264.1972,59.73715,52.8739
648707.9,341.7738,263.1686,59.66459,52.76629
648721.5,340.7981,261.9878,59.59313,52.64209
648739.5,340.3353,259.4193,59.55913,52.36948
648754.8,340.5539,256.6675,59.5752,52.07363
648772.7,340.1297,253.4813,59.544,51.7261
648789.3,339.0093,249.9173,59.46134,51.33094
648805.3,338.031,246.5145,59.38882,50.94719
648817.7,337.3577,242.6691,59.33874,50.50576
648835.6,336.7965,238.7788,59.29688,50.05061
648852.4,335.9147,235.8531,59.23089,49.70254
648869.4,335.0382,233.4111,59.16504,49.40814
648885.1,333.2968,230.4472,59.03347,49.04601
648906.3,332.062,227.5845,58.93956,48.69117
648918.7,330.8344,225.3987,58.8457,48.41683
648934.7,328.9087,224.0053,58.69741,48.24038
648953.8,327.4742,222.3454,58.58612,48.02858
648982.9,326.7605,221.7399,58.53049,47.95087
648989.8,325.9485,220.7653,58.46698,47.82533
649001.1,324.9785,219.04,58.3908,47.60157
649017.8,324.7157,218.1113,58.37011,47.48033
649034.6,323.8411,217.9564,58.30107,47.46006
649051.2,322.5702,218.0862,58.20026,47.47704
649068.4,321.5894,217.9588,58.12207,47.46037
649085.4,321.5811,217.2062,58.1214,47.36162
649102.6,322.368,216.5901,58.18417,47.28051
649119.3,322.6129,216.6346,58.20366,47.28638
649151,321.3288,215.6147,58.10123,47.15159
649160.7,321.1942,215.232,58.09046,47.10085
649170.8,321.364,216.3356,58.10404,47.24694
649186.6,319.8614,217.6268,57.98346,47.41685
649201.5,317.1419,216.7449,57.76314,47.30092
649217.9,316.6665,214.8983,57.72434,47.05651
649234.8,315.8267,214.0682,57.65561,46.9459
649251.7,315.423,214.0037,57.62248,46.9373
649268.9,315.3888,214.0694,57.61966,46.94606
649285.7,314.3009,213.6046,57.53006,46.88393
649301.7,313.6415,213.1322,57.47553,46.82064
649319.5,313.0933,212.6612,57.43008,46.75738
649335.6,313.1317,211.9021,57.43327,46.65512
649354.4,313.754,211.1087,57.48485,46.54782
649370.1,314.3912,210.1076,57.53751,46.41184
649386.4,314.6862,209.2609,57.56184,46.29629
649407.8,315.2436,208.8164,57.60773,46.23544
649425.6,314.8601,208.7216,57.57618,46.22243
649440.5,314.5146,207.9671,57.5477,46.11878
649460.6,315.0162,206.9941,57.58902,45.98452
649475.3,315.118,206.2898,57.59741,45.88693
649490.3,315.2627,205.6761,57.60931,45.80162
649506.4,315.2263,205.1604,57.60631,45.72972
649530.1,315.162,204.413,57.60102,45.62519
649544.5,316.8747,204.8668,57.74134,45.68871
649556.4,316.5052,205.4535,57.71116,45.77061
649572.3,317.0607,205.132,57.75651,45.72575
649591.1,318.2054,204.2998,57.84962,45.60932
649610.3,318.0141,203.7056,57.83409,45.5259
649625.3,318.3394,203.1537,57.86049,45.4482
649640.5,318.6013,202.0244,57.88171,45.28851
649658.1,318.9075,200.963,57.90648,45.13761
649672.4,319.0114,199.7124,57.91488,44.95878
649690.7,319.1593,198.9901,57.92684,44.85498
649705.8,318.8064,198.4531,57.89831,44.77757
649725.8,319.0876,197.5981,57.92104,44.65388
649738.1,319.6558,196.5334,57.96689,44.49912
649755.1,320.4563,196.1768,58.0313,44.44711
649772.6,321.1715,196.1196,58.08864,44.43875
649788.4,321.8358,195.8804,58.14174,44.4038
649805.8,323.1375,195.608,58.24533,44.36394
649822.8,323.5589,195.2765,58.27873,44.31535
649838,324.0606,194.9191,58.31842,44.26289
649855.9,324.3068,194.4274,58.33786,44.19056
649872.2,324.8781,193.9482,58.3829,44.11989
649889.6,325.385,193.5207,58.42277,44.05671
649905,325.717,192.2551,58.44883,43.86887
649924.3,326.699,191.6952,58.52568,43.78539
649938,326.6425,191.3777,58.52128,43.73794
649954.3,327.0014,190.409,58.54929,43.59272
649971.1,328.1154,188.9224,58.63595,43.3685
649988.1,328.6775,188.1766,58.67952,43.25537
650005.3,329.08,187.7756,58.71066,43.19439
650023.3,329.9348,187.2411,58.77658,43.1129
650039.4,330.4831,186.3998,58.81874,42.98418
650054.8,331.0007,185.6549,58.85844,42.86977
650072.6,330.942,184.9066,58.85394,42.7544
650088.5,330.7058,184.1662,58.83583,42.63984
650105.4,331.0348,183.4296,58.86105,42.52543
650121.4,331.4443,183.3628,58.89239,42.51504
650137.8,331.9432,183.5231,58.9305,42.53997
650153.9,332.85,183.8174,58.99955,42.58571
650172.1,333.6722,184.1275,59.06192,42.63384
650188.4,334.7314,184.3408,59.14194,42.66689
650205.3,335.7536,184.8592,59.21881,42.74708
650227.6,336.2022,185.4253,59.25243,42.83442
650244.4,336.3772,186.0628,59.26553,42.93248
650259.1,336.7641,186.405,59.29445,42.98497
650274.2,337.0729,186.8464,59.3175,43.05257
650290.6,337.4326,186.7015,59.34431,43.0304
650309.1,337.8601,186.1915,59.37613,42.95222
650321.6,338.8009,185.9963,59.44592,42.92226
650339,338.7922,186.0733,59.44527,42.93408
650355.4,339.3004,186.188,59.48286,42.9517
650371.5,339.7642,185.921,59.51708,42.91068
650388.8,340.0355,185.4809,59.53707,42.84298
650409.5,340.3404,185.2994,59.55951,42.81502
650425,340.6623,185.2637,59.58316,42.8095
650443.2,340.9814,185.2122,59.60658,42.80157
650455.8,341.5008,185.2802,59.64462,42.81205
650471.2,342.194,185.0617,59.69526,42.77835
650492.9,342.8122,184.7311,59.7403,42.72729
650511.8,343.3796,184.4672,59.78152,42.68646
650524.3,343.9177,184.2817,59.82052,42.65773
650541.7,344.5956,184.086,59.86953,42.6274
650557.7,345.5882,184.0157,59.94102,42.61649
650574.6,346.5558,183.8366,60.01043,42.5887
650589.9,347.7269,183.6826,60.09404,42.56477
650607.6,348.6521,183.5453,60.15979,42.54343
650623.9,349.8408,183.7064,60.24389,42.56847
650640.4,351.1998,184.1619,60.33951,42.63916
650659.9,352.1844,184.3293,60.40844,42.66511
650674.7,353.5895,184.2482,60.5063,42.65254
650691.1,354.8015,184.7016,60.59024,42.72272
650706.9,356.0615,185.4619,60.67704,42.84005
650722.8,357.5182,186.8134,60.77682,43.04752
650740.9,358.9241,188.6763,60.87254,43.33121
650756.6,360.3059,191.3896,60.96605,43.73972
650773.3,361.7967,194.991,61.06633,44.27345
650789.8,363.3705,199.9263,61.17151,44.98944
650807,364.864,206.364,61.27068,45.89723
650826.1,365.1704,212.2876,61.29094,46.70711
650843.8,364.5833,218.1256,61.25208,47.48219
650860.9,363.6615,223.7711,61.19088,48.2106
650877.6,362.3009,228.7236,61.1001,48.83298
650893.4,359.7579,233.7802,60.92903,49.45287
650911.1,357.3947,238.4839,60.76839,50.01576
650927.4,354.9045,243.1176,60.59735,50.55768
650943.4,351.5611,247.3233,60.36483,51.03898
650959.4,348.3708,251.2029,60.13983,51.47428
650977.1,344.946,255.0171,59.8948,51.89428
650994.1,341.3677,259.5377,59.63488,52.38212
651011.8,337.3633,263.9909,59.33915,52.85236
651028.1,332.8546,267.6327,58.9999,53.2295
651044.4,329.4878,271.0457,58.74213,53.57701
651060.3,325.9429,274.7028,58.46654,53.94315
651077.7,322.7321,278.1558,58.21313,54.28305
651093.3,319.4155,282.3769,57.94752,54.69107
651110.6,316.6126,286.4254,57.71994,55.07486
651127.1,313.9987,290.4466,57.50509,55.4489
651144.7,310.97,294.2947,57.25295,55.80033
651160.3,307.6326,298.2169,56.97105,56.15211
651178.5,304.7124,301.4027,56.72084,56.43318
651194,301.6557,304.8154,56.45532,56.72973
651214.3,298.9943,309.2103,56.22108,57.10485
651232.4,297.0419,312.8647,56.0474,57.41109
651248.8,294.9959,315.8575,55.86369,57.65814
651261.4,293.221,319.0723,55.70291,57.91981
651277,292.3682,321.8051,55.62518,58.13929
651294.6,291.3846,324.6321,55.53515,58.36353
651311.3,290.5981,326.6228,55.46286,58.51974
651327.7,289.3375,327.9366,55.34644,58.62207
651345.6,287.8878,328.2791,55.2117,58.64865
651360.4,286.2908,329.2431,55.06222,58.72325
651376.3,284.3732,330.6383,54.88124,58.83065
651392.6,282.6282,332.2604,54.71511,58.95469
651410.3,281.4048,333.5384,54.59784,59.05179
651427.9,280.9517,334.5005,54.55423,59.12453
651443.6,280.0191,335.7566,54.46417,59.21903
651460.3,278.9412,336.6965,54.35959,59.2894
651476.3,277.8285,337.0135,54.25108,59.31307
651492.7,276.9274,337.3714,54.16277,59.33976
651509.3,275.7562,337.7996,54.04744,59.37162
651526.9,274.8162,338.1625,53.9544,59.39859
651543.3,274.1395,338.0698,53.88717,59.3917
651558.6,273.6671,337.63,53.8401,59.35901
651577.9,273.1719,337.2038,53.79066,59.32726
651595.1,272.8626,336.9768,53.75972,59.31033
651608.7,273.702,336.6403,53.84359,59.2852
651629.9,273.8293,336.728,53.85629,59.29176
651641.1,273.8875,336.9432,53.86208,59.30782
651657.8,274.045,336.5947,53.87776,59.28179
651674.9,274.0003,336.2561,53.87331,59.25646
651692.4,273.5846,335.6087,53.83187,59.20793
651709.4,272.5508,335.1811,53.72848,59.17579
651726,271.5767,334.6406,53.63058,59.13509
651743.2,270.9633,333.8583,53.56869,59.07601
651761.4,270.2093,333.9311,53.49238,59.08151
651779.2,269.9069,334.1115,53.46169,59.09515
651791.1,270.5945,334.0742,53.53139,59.09233
651808.4,270.918,334.0166,53.56412,59.08798
651828.6,270.9029,333.7281,53.56259,59.06615
651842.4,270.4771,333.1055,53.51951,59.01896
651858.2,269.8927,332.3731,53.46025,58.96327
651875.1,268.843,332.4826,53.35339,58.97161
651892.6,268.5483,332.4469,53.32328,58.96889
651909.4,269.2369,331.4224,53.39355,58.89072
651926.3,269.6849,329.8426,53.43914,58.76948
651949.6,268.8733,329.5353,53.35648,58.7458
651964.9,267.6599,329.7658,53.23229,58.76356
651978.6,266.5663,330.0429,53.11975,58.7849
651996,266.1869,329.2576,53.08057,58.72437
652009.6,265.2738,327.8254,52.98597,58.61344
652027,263.6964,326.1183,52.82157,58.48027
652045.6,262.1278,323.8986,52.65686,58.30562
652063.2,260.2234,322.4972,52.45518,58.19445
652079.6,258.5353,321.138,52.27487,58.08596
652094.9,256.3835,319.6609,52.04287,57.96731
652109.9,254.877,317.5865,51.879,57.79934
652126.8,253.4093,314.5888,51.7182,57.55381
652143.6,252.0285,311.3133,51.56586,57.2817
652160.4,251.2169,308.3141,51.47583,57.02897
652176.1,251.3366,305.2115,51.48914,56.76384
652192.2,252.8493,301.6496,51.65653,56.45478
652212.8,253.9818,299.8186,51.78106,56.29393
652226.8,255.4826,297.7877,51.94502,56.11392
652243.7,255.5065,295.3072,51.94762,55.89175
652259.7,255.2937,292.1095,51.92444,55.60154
652277.1,254.1676,288.9059,51.80142,55.30642
652296.4,252.9044,286.0511,51.66261,55.03969
652313.9,252.5142,283.4483,51.61956,54.79336
652328.2,252.5754,281.3803,51.62631,54.59548
652344.6,252.9171,278.4792,51.66401,54.31461
652362.1,253.3828,275.3378,51.71528,54.00607
652381.2,254.088,272.3837,51.79269,53.71171
652396.1,254.6135,269.9413,51.85021,53.46519
652411.8,254.6962,267.7879,51.85925,53.24543
652430.2,253.7686,266.0414,51.75766,53.06552
652446.6,252.8984,264.226,51.66195,52.8769
652463.9,252.5543,262.3339,51.62399,52.67857
652481.4,252.6918,260.9835,51.63916,52.5359
652493.7,253.1224,259.6583,51.68662,52.39499
652511.1,253.7445,257.1486,51.75502,52.12564
652526.8,255.5234,253.1167,51.94946,51.686
652543.8,258.6613,248.0344,52.28837,51.11939
652564.4,259.4436,244.5042,52.37208,50.71746
652579.1,258.6591,242.5576,52.28814,50.49283
652593.8,258.7497,240.718,52.29785,50.27858
652613.3,259.7715,239.1126,52.40706,50.09002
652627.3,260.1907,237.2979,52.45171,49.87506
652644.1,259.9361,235.7439,52.4246,49.68945
652661.1,259.8318,235.002,52.41349,49.60033
652679.5,260.477,234.1655,52.48215,49.49947
652703,261.8978,232.7512,52.6326,49.32798
652725.7,261.5807,230.9993,52.59911,49.11388
652742.5,260.6842,230.5631,52.50416,49.06028
652760.4,260.1315,230.797,52.44541,49.08903
652779.8,261.1891,231.135,52.55769,49.13052
652795.3,264.0386,230.6296,52.85734,49.06845
652811.3,265.9673,229.5736,53.05785,48.93827
652827.1,267.0914,228.7743,53.17386,48.83926
652840.3,267.3963,228.2475,53.20522,48.7738
652849.5,266.4556,227.1133,53.10832,48.63227
652863.3,265.2759,225.7962,52.98619,48.46694
652881.2,264.0843,224.0612,52.86212,48.24748
652897.6,264.637,223.315,52.91975,48.1525
652914.1,267.6768,223.0781,53.23403,48.12228
652932.5,271.5372,222.0874,53.6266,47.99549
652950.1,275.6075,220.5212,54.03275,47.79379
652964.4,279.1854,218.7199,54.38333,47.55985
652980.7,280.8263,217.7937,54.54213,47.43874
652998.3,280.9627,217.5388,54.55529,47.4053
653014.1,280.5015,217.6288,54.5108,47.41711
653031.2,280.2933,217.5638,54.49069,47.40858
653047.4,279.01,218.0855,54.36629,47.47695
653065.1,278.4478,218.3173,54.31154,47.50727
653082.9,278.818,218.0778,54.3476,47.47594
653098.9,280.313,217.883,54.49259,47.45044
653113.3,282.161,217.2876,54.67041,47.37232
653130.8,284.0173,216.8174,54.84746,47.31047
653147.6,285.5229,216.0335,54.98994,47.20703
653165.9,285.9497,214.9638,55.03015,47.06522
653180.9,286.1292,213.9755,55.04704,46.93353
653196.8,286.8727,213.6597,55.11682,46.89131
653214.8,287.5985,213.6791,55.18471,46.8939
653231.4,287.8199,213.8543,55.20537,46.91733
653246.9,287.8193,213.7346,55.20532,46.90133
653268.4,288.525,213.0554,55.27104,46.81034
653283.4,289.6367,212.173,55.37413,46.69167
653300.1,290.3123,211.682,55.43653,46.6254
653316.3,290.7448,211.345,55.47636,46.57983
653333.3,291.5305,210.3365,55.54853,46.443
653348.3,292.6645,208.989,55.65222,46.25908
653364.4,293.6022,206.8871,55.73755,45.96972
653381.3,293.5457,205.081,55.73243,45.71863
653399.2,293.1113,202.9928,55.69293,45.42549
653413.1,293.4694,200.159,55.72549,45.02277
653431,294.2304,198.1068,55.79451,44.72754
653448,295.149,196.2264,55.8775,44.45434
653464.4,296.264,193.3486,55.97776,44.03124
653481.3,297.8521,189.8858,56.11966,43.514
653495.9,300.1696,186.6217,56.32488,43.01818
653512.8,302.8466,184.6945,56.55921,42.72162
653529.9,304.5014,183.7554,56.70263,42.57608
653547.7,305.5208,182.6673,56.79044,42.4066
653564.8,306.4949,181.744,56.87397,42.26205
653581.6,307.4069,180.4317,56.95183,42.05547
653596.4,308.0994,178.8817,57.01074,41.80972
653612.9,308.6968,176.9281,57.06141,41.49727
653630.4,309.702,175.212,57.14635,41.22031
653646.8,310.8294,173.8173,57.24116,40.99346
653663.2,311.7865,172.404,57.32127,40.76199
653680.5,312.316,171.2732,57.36543,40.57563
653698.3,313.1375,170.9441,57.43375,40.52119
653711.8,314.4644,170.8414,57.54355,40.50418
653729.3,316.225,170.4832,57.68824,40.4448
653746.8,317.4063,169.4572,57.78467,40.27414
653769,318.1464,168.3262,57.84483,40.085
653780.9,319.1092,167.4292,57.92279,39.93426
653795.9,320.1204,167.2851,58.0043,39.90997
653813.3,320.8985,167.5091,58.06678,39.94771
653832.9,321.686,167.6671,58.12978,39.9743
653849.1,322.4286,168.459,58.18899,40.10727
653863.8,322.7462,169.4957,58.21425,40.28055
653880.8,323.1233,170.3747,58.2442,40.42679
653897.1,323.6145,170.6423,58.28313,40.47119
653913.6,324.2727,170.6715,58.33517,40.47603
653930.6,324.2459,171.0714,58.33306,40.54226
653947.4,324.0538,171.4977,58.31789,40.61271
653964.2,324.4668,172.6508,58.35049,40.80252
653986.2,325.3496,173.5485,58.41999,40.94956
653998.3,326.3652,174.2773,58.4996,41.06845
654015.8,327.2059,174.8016,58.56523,41.15372
654032.4,327.9899,175.0645,58.62621,41.1964
654047.9,329.2928,175.5616,58.72709,41.27693
654064.8,330.8495,176.6631,58.84686,41.45466
654080.8,331.9743,176.6196,58.93288,41.44766
654097.6,332.7785,176.093,58.99411,41.36279
654113.9,333.6175,175.3145,59.05778,41.23691
654130.8,334.4915,175.3975,59.12385,41.25035
654147.6,335.3379,175.7138,59.18758,41.30154
654164.8,335.8606,175.7804,59.22683,41.3123
654183.4,336.153,175.5584,59.24875,41.2764
654197.3,336.3468,175.8325,59.26325,41.32072
654214.3,336.9545,175.9963,59.30867,41.34718
654231,337.8018,176.409,59.37179,41.41374
654247.6,338.4865,176.8391,59.42262,41.48297
654265.4,339.1084,177.2641,59.46867,41.55123
654281.4,340.2782,177.4119,59.55493,41.57493
654297.7,341.4708,177.1891,59.64243,41.5392
654314.4,342.7382,176.8672,59.73491,41.48748
654332.3,343.797,176.9386,59.81178,41.49896
654349.3,344.7065,177.3087,59.87753,41.55838
654365.8,346.0698,178.0171,59.9756,41.67182
654383.6,347.5108,178.0662,60.07864,41.67967
654404.1,348.7127,178.0837,60.16409,41.68246
654419.9,349.3549,178.3281,60.20957,41.72148
654434.8,349.7338,178.5531,60.23634,41.75738
654451.2,350.3818,178.7339,60.28202,41.78619
654468.8,351.5013,178.6543,60.36064,41.77351
654487.5,352.7635,178.79,60.44884,41.79512
654505.3,353.9107,179.3242,60.52859,41.88007
654520.8,354.7083,179.1192,60.5838,41.84749
654536.2,355.6053,178.75,60.64568,41.78876
654555.6,356.6929,178.9008,60.72037,41.81276
654570.4,357.6384,179.3035,60.78503,41.87679
654586.6,358.3332,179.7686,60.83237,41.95057
654601.3,359.2092,180.1666,60.89188,42.01357
654619.1,360.2378,180.575,60.96146,42.07809
654635.3,361.6994,181.1026,61.05981,42.16125
654654.2,363.0204,181.6111,61.14817,42.24118
654673.9,364.394,182.1876,61.23954,42.33158
654688.8,365.4935,183.0403,61.31229,42.46479
654703,366.5695,184.2869,61.38316,42.65854
654719.3,367.5806,185.9321,61.44946,42.91239
654734.9,368.9468,187.6605,61.53861,43.17685
654753.9,370.5466,189.4905,61.64235,43.45439
654770,371.8949,191.01,61.72924,43.6829
654785.9,373.4571,192.5153,61.82932,43.90759
654804.1,375.1884,193.6891,61.93946,44.08162
654819,377.375,194.9601,62.07745,44.26892
654834.6,379.7493,196.4664,62.22587,44.48936
654852.9,381.3727,197.6385,62.32652,44.65973
654869.2,382.0749,198.2714,62.36985,44.75133
654886.9,382.8607,198.9695,62.41819,44.85201
654903.4,383.6393,200.05,62.46593,45.00717
654918.3,384.4373,201.4022,62.51471,45.20015
654935.3,384.9632,202.8869,62.54676,45.41055
654953.2,384.9356,203.9176,62.54508,45.5557
654968.8,385.0023,204.9801,62.54914,45.70454
654985.9,385.3737,205.9428,62.57174,45.83873
655004.9,385.7674,206.5946,62.59565,45.9292
655020.8,385.8428,207.3693,62.60022,46.03637
655034.7,385.455,208.1988,62.57668,46.15064
655050.3,385.5025,209.0318,62.57957,46.26494
655074.8,385.6909,209.6691,62.59101,46.35206
655086.6,386.0302,210.6352,62.61159,46.48359
655103.4,386.5432,211.7836,62.64266,46.63913
655119.2,387.3575,212.8938,62.69183,46.78864
